500 0.0012540 0.0004560 0.0016950 0.0000870 0.0000180 0.0001890 
1500 0.0118510 0.0039320 0.0176550 0.0002600 0.0000450 0.0015770 
2500 0.0270360 0.0105520 0.0583610 0.0004240 0.0000750 0.0039790 
3500 0.0475940 0.0184560 0.1192820 0.0006500 0.0001010 0.0076650 
4500 0.0816970 0.0295840 0.2437680 0.0011350 0.0001520 0.0149490 
5500 0.1320500 0.0452940 0.3759670 0.0010410 0.0001590 0.0210340 
6500 0.2148950 0.0656720 0.5700840 0.0017540 0.0002090 0.0297620 
7500 0.3445090 0.1081420 1.0264080 0.0027810 0.0003760 0.0387280 
8500 0.3892410 0.1235060 1.1386420 0.0017400 0.0002470 0.0478480 
9500 0.4379200 0.1393680 1.3856430 0.0019530 0.0002730 0.0627340 
10500 0.5790070 0.1885330 1.8467160 0.0021510 0.0003030 0.0726420 
11500 0.6471100 0.2334310 2.4044940 0.0023490 0.0003310 0.0965410 
12500 0.8022850 0.2428480 2.7992830 0.0026430 0.0003610 0.1037440 
13500 0.9272370 0.2926730 3.2125170 0.0027850 0.0003860 0.1121440 
14500 1.0985050 0.3378760 3.9611410 0.0033050 0.0004550 0.1295110 
